00000000000000000000000001100100
00000000000000000000000001100100
00000000000000000000000001100100
00000000000000000000000011001000
00000000000000000000000001100100
00000000000000000000000001100100
00000000000000000000000100101100
00000000000000000000000001100100
00000000000000000000000001100100
00000000000000000000000001100100
00000000000000000000000001100100
00000000000000000000000001100100
00000000000000000000000001100100
00000000000000000000000001100100
00000000000000000000000001100100
00000000000000000000000001100100